1394136989
471249511
38392344
410519017
407459699
1408380784
29709720
1345368792
1456285633
414826862
483007651
692193
27901843
412785260
501467617
28466033
30251495
793761
509512219
441491410
29819906
27588008
812440
40915588
812721
413077075
1431292823
1386002493
28577876
1385738126
471411253
1442804786
1444777986
532777081
1345508968
29718603
1357953768
40915589
28719738
812534
830877
1341578211
425281002
1402846442
1386302791
31446780
1608568
1423226634
28837115
451520430
459733917
28251526
458270449
438981332
32431822
1356743910
422132115
28878559
1325711651
1297747699
1353212443
549941712
445666818
428116967
19933202
30474426
518904908
28188171
1359739972
1313107065
506196018
35288978
407699922
1212320
38592976
1217823
410042102
462391069
25643268
409654891
419375844
28798354
434052631
101106
446944028
432430770
404465743
459412983
472604197
27571867
36117196
28496172
29769321
32957012
31062292
33891464
29017423
31152080
29811186
399342414
37764195
33471958
31460197
28188425
28188379
28188430
30830946
26897039
32922133
35955651
315587
472385776
28188385
420008229
455583745
29747727
32922246
553443684
553440785
1395461641
32408606
32408691
1425398838
1427180759
1379819365
531786301
4981017
31365070
1355147933
1373168742
459925524
22705495
537012213
859470
537854737
31134451
440241194
1342950406
474739593
1310301163
1350160463
1371137319
435278010
29009655
562118482
1366554715
457552211
432698441
30780496
515223490
33913866
479219481
560079
409326722
22703777
26107913
27674995
33419765
34367205
28566210
27580521
22645196
744376
31010566
446154202
460043704
412785549
558754072
28921683
786711
687463
28587958
482636088
32358691
26107908
413077069
1388126301
21609176
3935139
1349254088
541480120
28524857
865998111
869438
32166159
31830460
458527891
36496695
36308396
564787772
18638055
481691622
1361239227
461687747
101121
28341135
39449871
529659114
29450088
430208822
1338355334
1989365
442314037
496902080
1348625245
28561758
455835590
430053998
446247397
1335240009
30148963
22654542
413077822
22785270
686361
833438
1300742224
1320704862
22778415
26550263
38019092
29753702
29717271
1306496055
22821014
5086081
1345186
496635231
17867241
21606436
417833443
27903692
820211
21177662
29722265
509135734
35527130
511639386
461519865
441116287
440411022
28923579
591037
414874
27523666
36492304
28468110
512359195
547971131
1475997
4966665
29743607
39635710
28941709
30251979
29027206
26092806